M1=100;
K1=50;
B=50;
M2=15;
K12=1200;